TOTAL_FRAMES = -0.012
TOTAL_FRAMES_INVERSE = 0.999783
CONNECTION_1 = -0.037
CONNECTION_2 = -0.003
CONNECTION_3 = 0.04
CONNECTION_ALLOWING_JUMP_1 = -0.021
CONNECTION_ALLOWING_JUMP_2 = -0.002
CONNECTION_ALLOWING_JUMP_3 = 0.004
CONNECTION_ALLOWING_JUMP_4 = 0.019
DENSITY_0 = 0.075
DENSITY_1 = 0.008
DENSITY_2 = 0.01
DENSITY_3 = -0.0135
DENSITY_4 = -0.073
SUM_OF_HEIGHT_DIFF_FROM_AVERAGE = 0.0396667
SQUARE_SUM_OF_HEIGHT_DIFF_FROM_AVERAGE = -0.0331667
EMPTY_AVAILABILITY_00 = -0.00353398
EMPTY_AVAILABILITY_01 = 0.00299449
EMPTY_AVAILABILITY_02 = -0.00177325
EMPTY_AVAILABILITY_11 = -0.00219107
EMPTY_AVAILABILITY_12 = 0.001373
EMPTY_AVAILABILITY_22 = 0.00227571
THIRD_COLUMN_HEIGHT = 0.327 0.044 0.038 0.028 -0.015 -0.046 -0.099 -0.118 -0.131 -0.515 -2.013 -2 -2 -2 -2 -2
PUYO_PATTERN_33 = -0.012 0.033 0.036 -0.036 0.013 -0.018 -0.006 -0.01 0.046 -0.016 -0.004 -0.008 -0.003 -0.003 0.006 0 -0.036 -0.01 0.01 -0.003 0.013 0.017 -0.016 0 -0.014 0.015 0.002 0 -0.002 -0.014 0 0 0.039 0.034 0.005 0.009 -0.013 -0.02 -0.008 0 0.029 -0.006 0.008 -0.011 -0.021 -0.013 0.009 0 0.013 -0.003 0.008 0 -0.009 0.005 0 0 0.034 0 0 0 0 0 0 0 0.01 0.019 0.009 0.005 -0.025 -0.023 -0.011 -0.003 0.016 -0.014 -0.011 0 -0.014 0.002 -0.009 0 -0.029 0.033 -0.013 -0.008 -0.004 0.002 0.017 0 0.012 0 0 0 0.004 0 0 0 0.008 0.013 -0.007 0.012 -0.024 0 0.005 0 -0.005 0.017 0.007 0 0 -0.011 -0.008 0 0.007 3.46945e-18 -0.012 0 0.006 -0.011 0 0 0 0 0 0 0 0 0 0 0.032 0.022 0.043 -0.004 0.004 0.011 -0.004 0.026 -0.005 0.01 0.011 0.001 -0.005 0.023 0.002 0 -0.002 0.025 0.006 0 0.004 -0.005 0 0 0.008 0 0 0 -0.017 0 0 0 -0.047 -0.02 -0.007 0.056 0.003 0.01 0.002 0 -0.001 0.035 -0.005 -0.001 0.007 -0.015 -0.007 0 0.016 -0.009 0 0 0 0 0 0 0 0 0 0 0 0 0 0 -0.003 -0.015 -0.007 -0.02 -0.024 -0.003 -0.004 -0.021 -0.005 0 0.007 0 0.01 0 -0.002 0 0.007 -0.004 0 0 -0.001 -0.011 0 0 -0.001 0 0 0 0 0 0 0 0.011 0.004 0.001 -0.015 0.002 -0.009 -0.002 0 -0.003 0 -0.006 0 -0.005 0 0 0 0 0 0 0 0 0 0 0 0 0 0 0 0 0 0 0 0.041 0.02 -0.002 -0.003 0.016 -0.011 0.02 0.028 0.013 -0.011 0 0.014 0.016 -0.01 -0.006 0 -0.018 0.01 0.023 0.001 -0.017 0.003 0.008 0 0.03 -0.005 -0.011 0 0.008 0 0 0 -0.022 -0.006 0.016 -0.017 -0.009 -0.008 0 0 -0.018 -0.005 0.003 0.006 -0.007 -0.003 0 0 -0.004 0.001 0 0 0 0 0 0 0 0 0 0 0 0 0 0 0.013 -0.007 0.01 -0.007 -0.016 0.014 0.007 0.002 0.003 0.017 -0.006 0 0.006 0 -0.002 0 6.93889e-18 -0.006 0.003 0.001 0.001 0.009 -0.002 0 -0.008 0 0 0 -0.001 0 0 0 -0.02 -0.002 0.003 -0.012 -0.004 0.003 0 0 -0.021 -0.014 -0.001 0 -0.006 -0.004 0 0 -0.002 -0.004 0 0 0 0 0 0 0 0 0 0 0 0 0 0 0.006 -0.01 -0.015 -0.001 -0.02 0 -0.034 -0.017 0.004 -0.015 0.001 0.009 -0.003 -0.012 0.001 0 0.008 -0.011 0 0 0.001 -0.002 0 0 0 0 0 0 0 0 0 0 0.016 -0.007 -0.001 -0.011 0 0 0 0 0.006 -0.009 0 -0.003 0 0 0 0 -0.001 0 0 0 0 0 0 0 0 0 0 0 0 0 0 0 0.007 0 -0.01 -0.001 0 0.006 -0.007 -0.001 0 0 0 0 0 0 0 0 0 0 0 0 0 0 0 0 0 0 0 0 0 0 0 0 0 0 0 0 0 0 0 0 0 0 0 0 0 0 0 0 0 0 0 0 0 0 0 0 0 0 0 0 0 0 0 0
STRATEGY_ZENKESHI = 80
STRATEGY_TAIOU = 90
STRATEGY_LARGE_ENOUGH = 100
STRATEGY_TSUBUSHI = 70
STRATEGY_SAKIUCHI = -20
STRATEGY_HOUWA = 60
STRATEGY_SCORE = 0.001
MAX_CHAINS = 0 2.008 2.164 2.906 3.849 4.805 5.814 6.834 7.851 8.887 9.931 10.962 11.996 13 13.993 15 16 17 18 19
NUM_GARBAGE_PUYOS = -0.036
MAX_RENSA_NECESSARY_PUYOS = -0.066
MAX_RENSA_NECESSARY_PUYOS_INVERSE = 0.960642
CONNECTION_AFTER_VANISH_1 = 0.0913333
CONNECTION_AFTER_VANISH_2 = 0.044
CONNECTION_AFTER_VANISH_3 = 0.059667
CONNECTION_ALLOWING_JUMP_AFTER_VANISH_1 = 0.013
CONNECTION_ALLOWING_JUMP_AFTER_VANISH_2 = 0.011
CONNECTION_ALLOWING_JUMP_AFTER_VANISH_3 = -0.002
CONNECTION_ALLOWING_JUMP_AFTER_VANISH_4 = 0.013
HAND_WIDTH_2 = -0.02
HAND_WIDTH_3 = -0.034
HAND_WIDTH_4 = -0.004
HAND_WIDTH_RATIO_32 = 0.00335476
HAND_WIDTH_RATIO_43 = -0.00148542
HAND_WIDTH_RATIO_32_SQUARED = -0.0046265
HAND_WIDTH_RATIO_43_SQUARED = -0.00726077
