TOTAL_FRAMES = -0.06
TOTAL_FRAMES_INVERSE = 0.999393
CONNECTION_1 = -0.062
CONNECTION_2 = 0.002
CONNECTION_3 = 0.06
CONNECTION_ALLOWING_JUMP_1 = -0.019
CONNECTION_ALLOWING_JUMP_2 = 0.001
CONNECTION_ALLOWING_JUMP_3 = -0.015
CONNECTION_ALLOWING_JUMP_4 = 0.033
DENSITY_0 = 0.119
DENSITY_1 = 0.016
DENSITY_2 = -0.017
DENSITY_3 = -0.0025
DENSITY_4 = -0.109
SUM_OF_HEIGHT_DIFF_FROM_AVERAGE = 0.0756667
SQUARE_SUM_OF_HEIGHT_DIFF_FROM_AVERAGE = -0.0234999
EMPTY_AVAILABILITY_00 = -0.0151676
EMPTY_AVAILABILITY_01 = 0.00820029
EMPTY_AVAILABILITY_02 = 0.00167578
EMPTY_AVAILABILITY_11 = -0.00585268
EMPTY_AVAILABILITY_12 = 0.00301306
EMPTY_AVAILABILITY_22 = 0.00553522
THIRD_COLUMN_HEIGHT = 1.1 0.09 0.061 0.065 -0.092 -0.185 -0.243 -0.302 -0.368 -0.588 -2.034 -2.004 -2 -2 -2 -2
PUYO_PATTERN_33 = 0.12 -0.123 -0.123 -0.103 0.036 -0.055 0.034 -0.023 -0.056 -0.052 -0.041 -0.086 -0.04 -0.034 -0.033 0 -0.018 0.025 -0.069 -0.094 0.117 0.014 -0.031 0 -0.003 -0.008 -0.071 0 0.014 -0.007 0 0 0.068 -0.016 0.009 0.07 -0.029 -0.044 0 0 0.012 -0.01 -0.009 -0.019 -0.038 -0.033 -0.007 0 0.087 0.02 -0.013 0 0.054 -0.006 0 0 0.068 0 0 0 0 0 0 0 0.023 -0.007 -0.011 0.014 -0.04 -0.02 0.01 0.017 -0.04 -0.004 -0.021 0 -0.027 -0.023 -0.005 0 -0.013 0.059 -0.019 -0.008 -0.006 0.018 0.013 0 0.056 0 0 0 0.015 0 0 0 -0.004 0.022 -0.002 0.032 -0.025 0.01 -0.004 0 0.005 0.014 0.011 0 -0.007 -0.014 -0.019 0 0.022 0.005 -0.011 0 0.013 -0.01 0 0 0 0 0 0 0 0 0 0 0.016 -0.014 -0.004 0.013 -0.016 0.045 0.065 0.124 0.035 0.037 0.062 0.092 0.002 0.044 0.049 0 -0.054 0.013 -0.034 0 -0.009 -0.009 0 0 0.014 0 0 0 -0.025 0 0 0 0.011 -0.009 0.027 0.244 0.032 0.028 0.034 0 -0.007 0.035 0.003 -0.009 0.003 -0.015 -0.009 0 0.074 -0.015 0 0 0 0 0 0 0 0 0 0 0 0 0 0 -0.009 -0.012 0.002 -0.017 -0.038 -0.006 0.001 -0.029 0.021 0 0.006 0 0.008 0 -0.005 0 -0.046 -0.027 0 0 0.002 -0.02 0 0 -0.001 0 0 0 0 0 0 0 0.024 0.002 -0.014 -0.024 0.006 -0.017 -0.002 0 -0.002 0 -0.006 0 -0.005 0 0.01 0 0 0 0 0 0 0 0 0 0 0 0 0 0 0 0 0 0.006 0.01 0.005 0.025 0.071 -0.015 0.059 0.144 0.005 0.023 0.006 0.015 0.008 -0.003 -0.01 0 -0.008 0.02 0.029 0.011 0.017 0.016 0.034 0 0.009 0.005 0.014 0 0.07 0.015 0 0 -0.044 -0.019 0.023 -0.032 -0.039 -0.012 0 0 -0.02 -0.016 0.002 0.028 -0.005 -0.004 0 0 0.01 0.014 0 0 0 0 0 0 0 0 0 0 0 0 0 0 -0.001 -0.016 0.016 -0.001 -0.031 0.016 -0.004 0.006 -0.002 0.004 -0.011 0 0.008 0.015 -0.007 0 0.003 -0.007 0.009 -0.009 -0.002 0.013 -0.005 0 -0.003 0 0 0 0.022 0 0 0 -0.026 -0.001 0.002 -0.018 -0.005 0.006 0 0 -0.022 -0.021 -0.001 0 -0.008 -0.004 0 0 -0.006 -0.001 0 0 0 0 0 0 0 0 0 0 0 0 0 0 -0.032 -0.021 -0.014 -0.009 -0.031 -0.003 -0.038 -0.058 0.003 0.005 0.001 -0.02 -0.005 -0.015 -0.011 0 -0.02 -0.015 0 0 0.001 -0.004 0 0 0 0 0 0 0 0 0 0 -0.016 -0.005 -0.001 -0.025 0 0 0 0 -0.002 -0.009 -0.002 -0.011 0 0 0 0 -0.001 0 0 0 0 0 0 0 0 0 0 0 0 0 0 0 -0.01 -0.003 -0.012 -0.003 -0.004 0.005 -0.015 -0.003 0 0 0 0 0 0 0 0 0 0 0 0 0 0 0 0 0 0 0 0 0 0 0 0 0 0 0 0 0 0 0 0 0 0 0 0 0 0 0 0 0 0 0 0 0 0 0 0 0 0 0 0 0 0 0 0
STRATEGY_ZENKESHI = 80
STRATEGY_TAIOU = 90
STRATEGY_LARGE_ENOUGH = 100
STRATEGY_TSUBUSHI = 70
STRATEGY_SAKIUCHI = -20
STRATEGY_HOUWA = 60
STRATEGY_SCORE = 0.001
MAX_CHAINS = 0 1 2 3 4 5 6 7 8 9 10 11 12 13 14 15 16 17 18 19
NUM_GARBAGE_PUYOS = 0.071
MAX_RENSA_NECESSARY_PUYOS = 0.032
MAX_RENSA_NECESSARY_PUYOS_INVERSE = 0.88995
CONNECTION_AFTER_VANISH_1 = 0.0483333
CONNECTION_AFTER_VANISH_2 = 0.038
CONNECTION_AFTER_VANISH_3 = 0.001667
CONNECTION_ALLOWING_JUMP_AFTER_VANISH_1 = 0.008
CONNECTION_ALLOWING_JUMP_AFTER_VANISH_2 = -0.002
CONNECTION_ALLOWING_JUMP_AFTER_VANISH_3 = -0.036
CONNECTION_ALLOWING_JUMP_AFTER_VANISH_4 = -0.042
HAND_WIDTH_2 = -0.057
HAND_WIDTH_3 = -0.06
HAND_WIDTH_4 = -0.015
HAND_WIDTH_RATIO_32 = 0.00646509
HAND_WIDTH_RATIO_43 = 0.0087525
HAND_WIDTH_RATIO_32_SQUARED = 0.0159661
HAND_WIDTH_RATIO_43_SQUARED = -0.00164221
