NUM_GARBAGE_PUYOS = 0
TOTAL_FRAMES = 0
TOTAL_FRAMES_INVERSE = 1
CONNECTION_1 = 0
CONNECTION_2 = 0
CONNECTION_3 = 0
CONNECTION_4 = 0
DENSITY_0 = 0.02
DENSITY_1 = -0.024
DENSITY_2 = 0.003
DENSITY_3 = 0.0035
DENSITY_4 = 0.004
SUM_OF_HEIGHT_DIFF_FROM_AVERAGE = 0
SQUARE_SUM_OF_HEIGHT_DIFF_FROM_AVERAGE = -0.1
EMPTY_AVAILABILITY_00 = 0
EMPTY_AVAILABILITY_01 = 0
EMPTY_AVAILABILITY_02 = 0
EMPTY_AVAILABILITY_11 = 0
EMPTY_AVAILABILITY_12 = 0
EMPTY_AVAILABILITY_22 = 0
THIRD_COLUMN_HEIGHT = 0 0 0 0 0 0 0 0 0 -0.5 -2 -2 -2 -2 -2 -2
STRATEGY_ZENKESHI = 80
STRATEGY_TAIOU = 90
STRATEGY_LARGE_ENOUGH = 100
STRATEGY_TSUBUSHI = 70
STRATEGY_SAKIUCHI = -20
STRATEGY_HOUWA = 60
STRATEGY_SCORE = 0.001
MAX_CHAINS = 0 1 2 3 4 5 6 7 8 9 10 11 12 13 14 15 16 17 18 19
MAX_RENSA_NECESSARY_PUYOS = -0.6
MAX_RENSA_NECESSARY_PUYOS_INVERSE = 1
CONNECTION_AFTER_VANISH_1 = -0.00666667
CONNECTION_AFTER_VANISH_2 = 0.06
CONNECTION_AFTER_VANISH_3 = 0.106667
CONNECTION_AFTER_VANISH_4 = 0.0333333
HAND_WIDTH_2 = 0
HAND_WIDTH_3 = 0
HAND_WIDTH_4 = 0
HAND_WIDTH_RATIO_32 = 0
HAND_WIDTH_RATIO_43 = 0
HAND_WIDTH_RATIO_32_SQUARED = 0
HAND_WIDTH_RATIO_43_SQUARED = 0
PUYO_PATTERN_33 = 0.077 -0.102 -0.101 -0.085 0.045 -0.056 0.026 0.007 -0.04 -0.044 -0.054 -0.087 -0.043 -0.036 -0.034 0 -0.006 0.018 -0.072 -0.099 0.129 0.014 -0.027 0 -0.002 -0.009 -0.078 0 0.023 -0.006 0 0 0.046 -0.021 0.004 0.072 0.012 -0.051 0.014 0 0.015 -0.01 -0.009 -0.022 -0.04 -0.036 -0.008 0 0.088 0.025 -0.015 0 0.066 -0.009 0 0 0.068 0 0 0 0 0 0 0 0.008 -0.027 -0.025 0.005 -0.036 -0.02 0.007 0.013 -0.039 -0.007 -0.021 0 -0.027 -0.027 -0.004 0 -0.015 0.056 -0.02 -0.009 -0.005 0.018 0.011 0 0.053 0 0 0 0.019 0 0 0 -0.005 0.021 0 0.033 -0.028 0.012 -0.009 0 0.004 0.015 0.011 0 -0.009 -0.014 -0.019 0 0.022 0.003 -0.011 0 0.014 -0.01 0 0 0 0 0 0 0 0 0 0 0.024 -0.018 -0.002 0.006 -0.013 0.048 0.069 0.123 0.035 0.041 0.058 0.091 0.002 0.046 0.048 0 -0.062 0.013 -0.036 0 -0.007 -0.009 0 0 0.011 0 0 0 -0.026 0 0 0 0.016 -0.009 0.031 0.24 0.034 0.032 0.031 0 -0.007 0.035 0.003 -0.01 0.003 -0.015 -0.009 0 0.083 -0.016 0 0 0 0 0 0 0 0 0 0 0 0 0 0 0.001 -0.011 -0.001 -0.016 -0.041 -0.006 0.003 -0.027 0.017 0 0.006 0 0.008 0 -0.005 0 -0.055 -0.028 0 0 0.002 -0.02 0 0 -0.001 0 0 0 0 0 0 0 0.026 0.003 -0.016 -0.022 0.007 -0.019 0.001 0 -0.001 0 -0.006 0 -0.005 0 0.01 0 0 0 0 0 0 0 0 0 0 0 0 0 0 0 0 0 -0.004 0.003 0.002 0.02 0.081 -0.015 0.061 0.131 0.005 0.028 0.007 0.011 0.008 -0.004 -0.011 0 -0.007 0.022 0.029 0.013 0.026 0.014 0.035 0 0.006 0.003 0.015 0 0.08 0.019 0 0 -0.041 -0.02 0.021 -0.032 -0.042 -0.012 0 0 -0.02 -0.017 0.002 0.031 -0.005 -0.004 0 0 0.014 0.016 0 0 0 0 0 0 0 0 0 0 0 0 0 0 0.002 -0.014 0.017 0 -0.032 0.016 -0.007 0.012 -0.003 -0.002 -0.012 0 0.009 0.018 -0.008 0 0.003 -0.007 0.009 -0.01 -0.002 0.013 -0.005 0 -0.004 0 0 0 0.025 0 0 0 -0.025 -0.001 0.002 -0.019 -0.005 0.006 0 0 -0.022 -0.023 -0.001 0 -0.008 -0.004 0 0 -0.006 -0.002 0 0 0 0 0 0 0 0 0 0 0 0 0 0 -0.035 -0.024 -0.016 -0.012 -0.032 -0.003 -0.037 -0.063 0.005 0.008 0.003 -0.021 -0.005 -0.016 -0.012 0 -0.024 -0.017 0 0 0 -0.004 0 0 0 0 0 0 0 0 0 0 -0.021 -0.005 0 -0.023 0 0 0 0 -0.002 -0.009 -0.002 -0.011 0 0 0 0 -0.001 0 0 0 0 0 0 0 0 0 0 0 0 0 0 0 -0.014 -0.004 -0.012 -0.003 -0.006 0.005 -0.015 -0.004 0 0 0 0 0 0 0 0 0 0 0 0 0 0 0 0 0 0 0 0 0 0 0 0 0 0 0 0 0 0 0 0 0 0 0 0 0 0 0 0 0 0 0 0 0 0 0 0 0 0 0 0 0 0 0 0
